correct1.pm0
PL/0 code:

  0  INC        12
  1  LIT         0
  2  STO    0    4
  3  LIT         0
  4  STO    0   10
  5  OUT
  6  LOD    0   10
  7  LSS
  8  LIT        11
  9  JPC         0
 10  LIT        11
 11  STO    0   10
 12  HLT

Execution:
                      pc   bp   sp   stack
                       0    1    0
  0  INC        12     1    1   12   0 0 0 0 0 0 0 0 0 0 0 0
  1  LIT         0     2    1   13   0 0 0 0 0 0 0 0 0 0 0 0 0
  2  STO    0    4     3    1   12   0 0 0 0 0 0 0 0 0 0 0 0
  3  LIT         0     4    1   13   0 0 0 0 0 0 0 0 0 0 0 0 0
  4  STO    0   10     5    1   12   0 0 0 0 0 0 0 0 0 0 0 0
  5  OUT           0    6    1   11   0 0 0 0 0 0 0 0 0 0 0
  6  LOD    0   10     7    1   12   0 0 0 0 0 0 0 0 0 0 0 0
  7  LSS               8    1   11   0 0 0 0 0 0 0 0 0 0 0
  8  LIT        11     9    1   12   0 0 0 0 0 0 0 0 0 0 0 11
  9  JPC         0    10    1   11   0 0 0 0 0 0 0 0 0 0 0
 10  LIT        11    11    1   12   0 0 0 0 0 0 0 0 0 0 0 11
 11  STO    0   10    12    1   11   0 0 0 0 0 0 0 0 0 0 11
 12  HLT              13    1   11   0 0 0 0 0 0 0 0 0 0 11